362442.3803  3474181.1766
362469.9555  3474249.7983
362484.3504  3474285.7127
362511.0913  3474352.6734
362506.8917  3474363.1979
362348.6855  3474426.4711
362362.8297  3474460.8622
362341.2266  3474469.8761
362347.0014  3474484.2833
362407.4450  3474459.6388
362402.1690  3474445.5643
362371.0584  3474457.5020
362363.7470  3474438.3261
362368.1548  3474427.9543
362517.6133  3474368.5077
362526.3383  3474390.7289
362507.9258  3474398.1195
362514.4660  3474413.5719
362515.7609  3474416.8129
362545.5119  3474404.8579
362634.3644  3474368.9317
362626.7082  3474350.5327
362535.5904  3474386.7659
362447.2540  3474167.7535