361747.0154  3474025.1468
361913.2775  3474437.4518
361968.4154  3474574.9311
361962.5699  3474577.3517
361979.4872  3474619.3500
361941.1296  3474634.8522
361932.8656  3474615.4420
361946.5538  3474609.6298
361940.9448  3474595.9375
361857.6240  3474629.6908
361863.4139  3474643.5320
361873.9305  3474639.3076
361881.7068  3474658.4732
361871.5982  3474662.7657
361876.2024  3474674.4951
362002.2023  3474623.9595
361996.8865  3474611.9710
361987.2993  3474608.1886
361957.3868  3474532.6975
361971.9989  3474527.1963
361969.2396  3474521.9917
361955.2200  3474527.2496
361920.0839  3474437.3567
361915.9375  3474427.1531
362043.1130  3474480.6980
362078.9366  3474567.5923
362072.0018  3474570.1466
362081.0210  3474591.0750
362140.0570  3474566.4600
362135.9400  3474555.8060
362090.2450  3474574.2500
362086.4810  3474565.0950
362084.2280  3474565.8110
362047.9040  3474476.6160
361912.7903  3474419.4087
361825.9249  3474205.6514
361824.7363  3474189.9646