359154.0243  3475118.2678 
359349.6508  3475156.4988 
359450.0861  3475152.4594 
359798.7234  3475025.1639 
360041.5706  3474873.6770 
360471.1149  3474614.5074 
360633.8329  3474523.2141 
360876.8644  3474404.2255 
361084.3209  3474331.3665 
361166.8222  3474297.8699 
361269.8488  3474256.0397 
361291.2633  3474242.2875 
361298.6483  3474243.5801 
361313.3327  3474245.9520 
361327.2122  3474247.9333 
361337.2113  3474247.8254 
361347.3829  3474246.1598 
361356.4465  3474243.0239 
361366.8655  3474234.5021 
361373.0051  3474226.0226 
361378.0749  3474218.5118 
361382.2874  3474212.1966 
361389.5854  3474201.2489 
361396.1585  3474192.5173 
361403.4464  3474185.7699 
361409.1748  3474181.7562 
361420.0490  3474175.1895 
361432.5012  3474168.8706 
361448.0796  3474162.1038 
361462.9338  3474156.3452 
361479.2337  3474149.8566 
361490.8478  3474144.8294 
361502.5926  3474140.6066 
361514.3970  3474136.4175 
361522.3513  3474134.7320 
361535.8826  3474132.9769 
361552.0975  3474129.9166 
361562.0652  3474128.0060 
361582.4553  3474124.0002 
361596.0774  3474121.2107 
361613.2554  3474117.0511 
361627.0728  3474112.8430 
361639.2058  3474107.4417 
361651.0300  3474099.2642 
361662.9335  3474088.5499 
361667.8158  3474081.6169 
361673.1729  3474068.7994 
361675.9184  3474063.4875 
361681.8268  3474057.3792 
361689.8000  3474051.4263 
361702.3784  3474043.7373 
361719.8706  3474034.3418 
361734.0252  3474028.3097 
361749.2865  3474024.6977 
361758.3427  3474023.0929 
361779.4300  3474076.0930 
361803.6843  3474137.0533 
361824.7363  3474189.9646 
361866.0769  3474200.8949 
361943.5394  3474221.3756 
362067.5289  3474254.1578 
362120.6921  3474268.2139 
362139.0678  3474271.5749 
362152.5495  3474272.0261 
362166.8629  3474270.6906 
362181.2237  3474267.4004 
362199.8632  3474259.8167 
362290.9013  3474225.9381 
362404.9764  3474183.4866 
362548.3297  3474130.1395 
362704.7635  3474071.9247 
362723.7629  3474064.8543 
362727.4687  3474063.0904 
362733.4871  3474059.3894 
362739.8304  3474054.0433 
362744.7567  3474048.4101 
362749.5769  3474040.7043 
362752.9217  3474032.4600 
362754.9274  3474022.8446 
362754.8288  3474010.2784 
362721.0442  3473918.6282 
362725.3564  3473919.2869 
362728.9978  3473919.3661 
362736.6233  3473918.9875 
362748.0123  3473917.8362 
362763.0943  3473915.9992 
362785.9561  3473913.2147 
362808.4787  3473910.4719 
362821.7729  3473908.8527 
362828.1772  3473907.6399 
362851.8387  3473901.0544 
362868.6393  3473895.7527 
362876.6815  3473892.2630 
362898.7447  3473880.6754 
362917.5081  3473870.1441 
362929.1921  3473863.8140 
362940.1435  3473859.9708 
362957.9680  3473857.4296 
362973.3839  3473856.5015 
362992.0363  3473855.3970 
363015.9092  3473853.7960 
363025.1135  3473853.0801 
363034.9466  3473851.2352 
363047.0353  3473846.6227 
363058.1643  3473841.1258 
363066.0495  3473836.8693 
363075.9863  3473831.2080 
363092.7424  3473821.5897 
363106.9751  3473813.1588 
363116.8657  3473807.3727 
363125.8590  3473803.4122 
363140.8089  3473799.4565 
363155.0100  3473796.6732 
363166.3129  3473794.6032 
363180.8517  3473792.1084 
363199.1785  3473788.9800 
363206.0352  3473787.6742 
363227.9577  3473783.0255 
363233.9291  3473781.0277 
363247.1704  3473774.1294 
363255.8635  3473768.2230 
363262.8507  3473762.0321 
363271.2808  3473753.1063 
363283.9898  3473739.6192 
363297.2248  3473725.9909 
363308.3564  3473714.7592 
363320.0668  3473703.8064 
363336.9082  3473694.8961 
363353.4738  3473685.4739 
363368.2003  3473679.8460 
363376.1351  3473674.8294 
363386.4290  3473671.4949 
363397.3723  3473667.6398 
363407.6546  3473666.8029 
363416.8249  3473667.0183 
363424.7233  3473668.0438 
363438.5810  3473671.6133 
363445.1194  3473674.4161 
363451.2042  3473676.9816 
363457.6167  3473678.7375 
363466.5403  3473680.3886 
363485.9916  3473681.7667 
363491.9760  3473681.4619 
363499.9070  3473680.5414 
363513.0074  3473677.8070 
363526.0046  3473672.5815 
363536.9466  3473667.4471 
363551.2155  3473659.2485 
363566.8746  3473650.1799 
363576.4002  3473647.1066 
363590.7520  3473645.1089 
363599.2541  3473645.6281 
363607.7458  3473647.0186 
363618.3274  3473649.4766 
363624.8673  3473651.1486 
363631.0898  3473652.8245 
363643.6172  3473656.7547 
363652.5349  3473659.4133 
363659.6519  3473660.7806 
363671.4415  3473662.0545 
363679.9675  3473662.4877 
363692.7395  3473662.5883 
363710.3779  3473661.6896 
363732.0630  3473657.5721 
363746.8903  3473651.5511 
363755.6534  3473647.0498 
363770.1575  3473638.8400 
363782.8577  3473630.4986 
363803.2231  3473616.6911 
363808.3756  3473613.3956 
363817.4270  3473608.8155 
363821.5611  3473606.3081 
363831.2145  3473601.4491 
363838.2688  3473598.2850 
363850.8045  3473592.8353 
363863.5232  3473587.6590 