362844.4343 3473903.2148 
362856.5778 3473926.0258 
362858.6434 3473926.0097 
362956.5339 3474156.8745 
362902.5008 3474179.9332 
362868.3133 3474194.0184 
362875.2543 3474211.3224 
362876.5416 3474211.9231 
362877.4842 3474212.0397 
362893.3787 3474205.1972 
362893.8420 3474204.4816 
362893.6180 3474203.1298 
362912.1291 3474195.2524 
362926.0489 3474189.3726 
362976.8730 3474167.8715 
362977.3744 3474169.1382 
362978.3880 3474169.2997 
362994.6625 3474162.4414 
362995.1795 3474161.0501 
362987.5841 3474143.6848 
362963.7659 3474153.7797 
362958.6717 3474140.7825 
362867.0169 3473920.7771 
362869.3553 3473918.8415 
362864.2691 3473906.7421 
362861.2532 3473899.1241 
